name: gh_ifc_env
channels:
  - defaults
dependencies:
  - bzip2=1.0.8
  - ca-certificates=2025.2.25
  - expat=2.7.1
  - libffi=3.4.4
  - openssl=3.0.17
  - pip=25.1
  - python=3.10.18
  - setuptools=78.1.1
  - sqlite=3.50.2
  - tk=8.6.14
  - tzdata=2025b
  - ucrt=10.0.22621.0
  - vc=14.3
  - vc14_runtime=14.44.35208
  - vs2015_runtime=14.44.35208
  - wheel=0.45.1
  - xz=5.6.4
  - zlib=1.2.13
prefix: C:\Users\luye6\.conda\envs\gh_ifc_env
